$ANSIBLE_VAULT;1.1;AES256
35313235373330333235623965336637363932326430633465653833353135373538323430306562
3131316266303062646661653334336336396139303462320a343439336233383032393361363763
64306365646365656235643731636439313136646161363730373263393462623362653738623763
3434323630623437320a323632336165356363623135346561313664356161663834373538333261
36383666643831613766363564383638303863346565323965376533633361343737633232343164
61663561396637353637313564646363363966313237623031343631653637636238333636353966
34396239303165343866656463613337336638323636303530326266393665323862376164323336
32633731303834383239386333636163373937323533333138346465316436633062646563393434
64376239356334353237333534303562313737306335326434353961343066643766353036366162
32383463326432326363393232313264613865353936653338656139303262303863626534336139
30663061326536633834326565333264303931313766393239666432643730626234626462313065
65303339303438383132313661363066366630613663616633636563336165636563663862303339
31363864353833656236353938623966393237343166383933636237336464643430373466356364
33326462333961363135323635616434376265323430666238373937326130363439616636383932
36356634313831333331666236653232323737336231363465653030653130626531633966303437
66333437313364373765343937306665383233363766636562393065313639333037306631333763
36636463333139343539633665313931323630633638393630653864633764343864313866303063
62666335333432656339336633306634356636616239633234353739383834386164326563356233
31646333356432363334616466303638656333373633396666623734313962303635643762336364
61623261646461343561323631613639333163326662666161626133383830613638383430333865
36323263633330336435383735383035633964343530613637323165303130383562343336323962
61336632303830363765313139636231613762346338643363313865376162383534653266636430
36616464653331626439643137386537656230646238333533653935623165613237303836323430
33306461656234663535343638646533396562633736636436383362633339613266613161313461
3735
