$ANSIBLE_VAULT;1.1;AES256
39626239323864633831333466623838323765666134393366356334343031373232383432356538
3666336339646562623133623934636335633936333865660a353630356264386361313136303334
36393136386464313266666465323035666631363338636632323066363064636165343465306537
3938626138633631610a336239313366663666316536616539393861653563386664333164633333
63363465363262343333626166616130653335366530666635376438373437366535613431626465
34386263653564386636363139343435663461366535333936383632366666646136353534346264
64343065323234633533663833383465353964613539363361623432306364633338313833356663
61343439646239356636653236356262626638633331303731313031393835653232636163373439
33316565623035373937636336646133646235353164393437383638653832373866353239333532
37366635346532346265366235643134643764646634363837646165333164333438336462383162
38373863623661636137383832356530633236313434663730393032653837363535333230386634
32636465343363376438333234313264326134356532373965346163303033313439376438396362
62666166366264353935366230363063303965343363383939626664623133353037613935623837
39363534623735633030623566303666636337393834663136393734383332383435663738323636
64393532313833346333643064346537616631313031313238636261653138303564326163373762
39656135316237393663646239313662613733326565663732653630366534303966643333633938
34306635373836333839396532393938373664306363306339666532383539343730656233643732
35633061636130646535353839316564363962333765323036613231303036383730646233303762
33346339633165613862353463386538346239613937336139396538396363333336633135623530
62636334666136666264313237333563653632303836353166373733396562306436626631643466
61396562666264353966356238373238633438613561376435636638393763396564356563343635
32623661303062383236383762626531353334636565646263363464396561343935376236333964
37653164633037336264616133333335383465643164306432343735616238643362643231663761
33366638626161356466616664616336353438383636393664333137373364663164376539313931
6365
