$ANSIBLE_VAULT;1.1;AES256
34626239663238383465633866316232326263366139316364376531636262626165396136353238
3236346134323563333236313530303230643562316362620a613336386532373266633338313964
61646531656366663964643230333439633735643963383461643635666237633836613866353064
3336383564353466320a313264383462373737643965353366393264303336303665363335626135
64613835306136363063313631333562623639653362353832333539653536373638316130623932
36326664303061316235373264323635383339653134633537646638656461333136343434663636
62363262393730616366336339633632613234663735333532303562313436373536323233363863
33323230646133366135623936663831633633646565356265386263626232653931633666303030
32353835346661653230353865373832623332316432303438653162313330353130373363626664
64663434613138316435306231616163383562393764306230646334316163313763366535343831
31333165636565623935346366346230396561363235356532663733353136663835353130613637
32336435343233353937316361666666376536643338313062636332343638306532663166656462
32336465313835373532353535393063626439653639363964663831613232613262303333353963
62616665386564353061306231363834373562363661366539336666656364316238376461343939
39366666313361666163623437356238636631616538633165316130303962336561396162613866
39316533373766316530666238333937353137663237396538316665313136626235393339346537
30306234633131623530333963346238366632313835336635663265356166636362626366313233
64323432343435303132383132356663393639333164633366363861666163356465663232613731
39653866326337343264616663373231616637323734626139303031376237303865616337353566
38656436623632396566383930353064383362353663353238643032303037626261623430376638
64366232383763663161626366353638366664396461323937313861623531363238316633623566
32656264373437313034653130346363633464386362386238383230383631663134626239353338
36326431353438346431323666336466653562363933356434323935306164636462626436363839
66363162306133303461613334643065353563666164353930313235663335333965653533653062
3031
