$ANSIBLE_VAULT;1.1;AES256
61326236383033373464353065613936333663363833643136376439343033353236333063303362
3035393838313565363064326132623235343466326165610a616132376466363362306661613265
36356631376435336361653039656638613830376665656635376137626162636135336436356263
6137663761643637380a306662653165373731306330363761393131346231653534313639353537
63376338653734646230353630393961363833343163333931313931636264383466396230393362
35313066323232366431646162386466653731666265396363393963383432376332306231643636
37633234313936633137343865636663323163356339633165643638386137643461306230313166
61386265373462636432386432663439353465396263376136353463353263363237333266326236
32313864343263313639616265643933343162626264346135336665646133366630656331623461
63633831366566343163393036366335393866643633396132663433393131386662333761623465
38623932653138653566386564356538323834613764613437656532306237353066373838393431
66323534306664353434623830643037306166626434373466386666366236393238636531653661
36623436326133393439306364303237366264383038396333366634323234626435666631643133
64343133663130336536326264666634346639626433356239343230383161663037386130663462
64316165653933303631653139323030353265323032353162373739383230383762376365373839
64623834343962633761323866386266373163343336353761323835616336393739373165376330
64653634376639616165366231353937343330303035353366623162616665386534313639613534
64613763653464366366633166336332383633663565353334393962346430646166373139646330
31376166653464343033343238643331373736666232323861393966303664623636363831313664
34356539323333636163636135306161333463646333386636633334646338643063333731393863
38353737356236393733653032303664316164636337376466333964616164323030363632313437
38616336333430336430623761313562313231343066393266306266396137646332663836663436
31363861373266383431636362643036353961336536636366623233343363313936623161323737
37363465393334396631363832376334646134346364376130336134336237653831633430633861
3730
